State Jan Feb Mar Apr May Jun Jul Aug Sep Oct Nov Dec Totals
Alabama 44989 46203 51923 41146 43908 42898 51757 69377 56872 63254 77657 100100 690084
Alaska 4582 5233 7136 6505 6376 5557 5298 6796 6106 8281 7213 7840 76923
Arizona 29039 32776 37340 30222 28950 26746 26325 33851 29307 28833 31352 38171 372912
Arkansas 17258 20289 22246 15812 15317 13956 13684 18303 16285 19303 23192 25699 221344
California 98502 96970 123056 114466 111816 115987 89532 99146 95540 96252 92765 106600 1240632
Colorado 38491 40467 46915 39433 36814 34773 33812 38755 35333 37564 39682 47496 469535
Connecticut 16324 15040 18362 15726 14737 14041 13362 13326 12365 12574 13789 13289 172935
Delaware 4119 3682 4985 3807 3694 3204 2873 3547 3356 3982 4258 4920 46427
"District of Columbia" 360 364 417 409 417 305 375 386 610 933 595 755 5926
Florida 97486 101991 114001 93693 88204 85730 84024 107318 89815 97214 107274 128789 1195539
Georgia 44839 48900 56804 40952 37444 34910 34787 45508 39794 43417 48604 63154 539113
Hawaii 1068 1032 1129 1212 1105 857 1045 1025 969 1102 923 1199 12666
Idaho 13634 16965 18314 16004 17565 17541 19637 16411 15818 19392 17385 20609 209275
Illinois 331325 190886 376018 405464 381771 373166 439458 491715 483162 478329 450084 548192 4949570
Indiana 160140 71892 98597 106096 292587 273660 61139 74022 72951 77713 80002 81766 1450565
Iowa 16067 15181 20108 15144 12850 10933 11507 11760 12081 16605 20819 19747 182802
Kansas 13767 15224 17353 11933 11538 10622 10662 13227 11473 13324 17643 20244 167010
Kentucky 308573 328572 379268 381411 332076 369622 319270 315348 286064 303650 391747 405291 4120892
Louisiana 21945 24345 25970 19650 19274 17509 17385 23780 23463 24893 28692 35358 282264
Maine 6682 6794 8766 7375 6552 5809 5437 7686 8510 9912 8297 8806 90626
Maryland 11976 12190 15083 12537 10904 9839 9891 11823 11386 13720 14459 15005 148813
Massachusetts 19812 18604 20670 17738 18007 16256 15272 19189 16991 18059 16649 15069 212316
Michigan 35884 39073 51698 40570 35352 32369 31607 39967 40925 44078 51439 49209 492171
Minnesota 53145 50984 75386 72720 56564 45667 42454 53571 54733 62920 55511 58701 682356
Mississippi 17416 21681 23090 15894 15190 13809 13918 21951 16974 19167 26494 32804 238388
Missouri 36657 42502 51487 35825 34114 32674 31627 42413 36924 44498 51008 58129 497858
Montana 7695 8224 11143 9419 8603 8276 8110 9931 10091 11496 10295 12540 115823
Nebraska 6635 5759 6878 5267 4495 4411 4044 5396 5065 5807 6208 8271 68236
Nevada 10920 11643 13856 10524 9769 9248 8635 10782 9285 10464 10424 12762 128312
"New Hampshire" 9156 10213 11684 9389 8193 8018 7439 9617 8940 9754 9538 10232 112173
"New Jersey" 6892 7030 8410 8173 7693 7208 7049 7721 7372 7327 7955 8427 91257
"New Mexico" 11571 14727 16850 12483 11856 11056 11128 13906 11850 12265 13508 15629 156829
"New York" 29388 28043 35004 31154 26731 23636 22471 26227 32332 33982 33832 32574 355374
"North Carolina" 46230 49154 53896 42651 38637 34768 36694 44438 38305 42903 48107 54582 530365
"North Dakota" 4459 4420 5990 5135 4312 3914 3794 5228 5455 5886 5738 6058 60389
Ohio 49856 57518 70826 53819 43850 42122 39206 50963 44767 50834 65092 69642 638495
Oklahoma 28793 32166 35704 26528 24627 23701 22754 29350 25203 28794 40823 41600 360043
Oregon 28668 28726 35949 30299 26970 25185 24493 29328 28008 30395 32305 37374 357700
Pennsylvania 77420 84567 105892 79853 72244 66423 66052 83346 77630 86066 92011 96382 987886
"Rhode Island" 2093 2105 2640 2175 1813 1609 1561 1895 1842 2050 2149 2406 24338
"South Carolina" 23546 29811 33312 24607 24977 23186 21886 27354 23280 26707 31593 37962 328221
"South Dakota" 6803 6992 8174 6581 5792 5566 5323 6971 6932 8783 8510 8999 85426
Tennessee 58167 62785 66433 48624 44913 44802 43647 46533 40468 45015 58890 75036 635313
Texas 119902 135931 141056 106112 107763 101762 91183 133647 121718 121299 140598 166241 1487212
Utah 25082 27648 82398 77263 77058 69438 76002 74699 73084 76361 76354 87883 823270
Vermont 2417 3172 4054 3236 2659 2269 2183 2936 2991 3348 3094 3484 35843
Virginia 37857 41532 48527 35052 30515 33543 32513 41457 37059 40490 57662 76559 512766
Washington 56051 47674 61812 53377 53125 83436 37439 40144 38130 42984 40764 52234 607170
"West Virginia" 15320 18810 21859 15583 13173 12841 12289 16501 17740 18239 20851 22990 206196
Wisconsin 34545 34612 47671 38561 30307 28507 25170 35146 36278 39395 43909 41584 435685
Wyoming 4075 4842 5880 4821 4793 4447 4469 4754 5176 5067 5411 7556 61291
Alabama 38477 45171 50610 34915 33193 32572 32572 37227 32706 37123 45345 54383 474294
Alaska 4429 5392 7800 7367 7548 6330 5714 6818 5699 7768 6645 7251 78761
Arizona 28627 36281 41551 31658 28285 28041 26359 34149 30667 25560 30385 36275 377838
Arkansas 17483 24266 24492 18240 17667 18809 19399 20502 17072 19762 24475 26272 248439
California 119910 107649 136228 121478 104498 99683 94672 103019 91975 101623 106380 110017 1297132
Colorado 41989 47221 61839 47462 41583 38395 37788 40922 35347 37586 44094 50544 524770
Connecticut 13775 15617 18091 15269 14409 14440 13650 14338 12754 14477 14751 16119 177690
Delaware 3684 4651 6298 4988 3674 3211 2840 2914 2843 3418 4178 5024 47723
"District of Columbia" 283 217 381 321 289 259 246 329 203 203 290 223 3244
Florida 98243 119561 137997 102426 95481 88991 82909 89711 78804 82628 105975 120419 1203145
Georgia 45591 57838 67791 43671 39528 35963 34244 40046 36097 40579 49784 58400 549532
Hawaii 1185 1074 1420 1393 1187 1170 1057 1129 975 1204 1188 1106 14088
Idaho 15060 20359 24342 16974 18243 15401 14478 14312 15566 16855 15793 19937 207320
Illinois 170007 185288 271714 238774 233963 225006 198971 242864 228695 237224 296910 302031 2831447
Indiana 83769 81904 121376 78367 78143 74423 60457 60712 51787 59386 69171 76653 896148
Iowa 19745 17387 21697 17457 13766 10904 10329 14306 13861 15518 17001 17188 189159
Kansas 13782 18016 18772 13184 11062 11501 11364 12690 11429 13063 17477 19707 172047
Kentucky 402376 417418 421247 409485 395487 411606 393583 411800 409385 413568 422343 404143 4912441
Louisiana 20744 26449 31519 22491 20265 22339 20229 24273 25058 24412 32383 37030 307192
Maine 5850 7816 10684 8745 6847 6156 5968 6951 7926 9299 7769 9349 93360
Maryland 12564 13245 17841 14105 11990 10333 10020 11281 10237 11919 13684 14251 151470
Massachusetts 16120 16463 22326 17983 18574 15930 14275 17975 16320 17969 19392 17968 211295
Michigan 35895 44706 59589 44190 35563 33308 32443 36381 34781 40370 47460 45271 489957
Minnesota 50478 49636 72268 64410 47533 38204 36279 41548 43339 54993 48884 56506 604078
Mississippi 16642 25182 27387 17470 15999 15858 14206 20545 17683 18379 26230 31697 247278
Missouri 35204 49381 58076 38859 31607 32616 30157 37674 35005 41162 50096 56347 496184
Montana 7448 9983 13402 9795 8952 8746 7794 9309 9770 10772 10113 11523 117607
Nebraska 6645 7585 9048 6643 5165 4418 4220 4456 4763 6358 7306 7870 74477
Nevada 9952 12407 14322 11470 10327 9442 8903 9350 8486 8971 10787 13017 127434
"New Hampshire" 8758 11486 14184 11372 9875 8511 8029 9005 9009 9364 10049 11247 120889
"New Jersey" 8010 8459 10195 8958 8037 7413 6857 7216 6138 6718 7339 7784 93124
"New Mexico" 11783 15891 18357 12859 11432 11259 10485 12038 11160 11295 14338 15956 156853
"New York" 26079 31129 37050 33326 25621 23921 22405 27145 29374 32273 33969 36322 358614
"North Carolina" 43439 53082 61950 47770 43211 37350 35244 39800 29572 39478 47992 51028 529916
"North Dakota" 4388 5116 6803 5793 4539 4124 3791 4700 5226 6188 5861 5805 62334
Ohio 52079 73240 91247 65456 51734 47756 45689 50289 45698 51806 69894 72587 717475
Oklahoma 23460 31763 35317 25345 21697 22471 19932 24190 22160 27641 37716 40599 332291
Oregon 27037 32397 41616 32494 28305 26685 23171 25648 26644 27591 31878 36216 359682
Pennsylvania 78428 98075 123031 91401 75296 71106 66391 74944 70420 80946 93168 98737 1021943
"Rhode Island" 1882 2646 3528 2332 1887 1685 1472 1733 1621 1914 2134 2196 25030
"South Carolina" 22311 28968 29427 19286 17103 18597 17434 27280 20159 21279 27082 31823 280749
"South Dakota" 6556 8086 10135 7040 5720 5779 5385 7156 7305 9023 9456 9052 90693
Tennessee 55251 66667 71458 53166 50613 47938 48261 52483 46134 54302 71786 76042 694101
Texas 123042 155942 161200 114704 111159 108008 122071 134727 121366 112356 141813 165244 1571632
Utah 21187 22632 33649 29213 31638 29176 22301 22634 18221 19215 21266 24726 295858
Vermont 2268 3870 6177 5081 2818 2725 2313 2781 3590 3234 2964 3729 41550
Virginia 35206 47385 55765 37720 32135 32496 32931 34578 33627 35497 46478 52942 476760
Washington 51432 53915 66587 51693 46008 44090 41040 44867 42874 48505 65316 70974 627301
"West Virginia" 15102 23344 40701 22379 17108 14127 13136 15366 15411 17523 22695 24786 241678
Wisconsin 36791 43777 56482 41542 28841 26403 26598 32732 33194 37142 45446 43572 452520
Wyoming 3971 5057 6476 5065 4820 4362 4118 4445 4988 4740 5442 6666 60150